FLY_SIZE 22.3607 17.8885 15.5563 
601s -26 -59 55 
1201s 79 -57 31 
1801s -10 -67 127 
2401s -11 -68 -43 
3001s -9 -69 -44 
3601s 11 -120 188 
4201s -14 -120 -31 
4801s -16 -121 -29 
5401s -16 -122 -2 
6001s 9 -123 16 
6601s 63 -147 24 
7201s -5 -142 82 
7801s -6 -126 99 
8401s -9 -182 175 
9001s -15 -147 -33 
9601s -18 -147 -49 
10201s -89 -148 88 
10801s -26 -148 55 
11401s -27 -150 -22 
12001s -28 -150 61 
12601s -28 -186 48 
13201s -27 -185 16 
13801s -27 -192 -53 
14401s 2 -187 161 
15001s -6 -187 -54 
15601s 17 -187 25 
16201s -13 -187 87 
16801s -31 -142 128 
17401s -33 -144 85 
18001s -34 -144 -54 
18601s -34 -144 80 
19201s 11 -187 65 
19801s -94 -148 87 
20401s -49 -151 58 
21001s -45 -152 -35 
21601s -44 -83 67 
22201s -44 -146 90 
22801s -55 -147 86 
23401s -95 -147 93 
24001s -35 -148 31 
24601s -36 -72 42 
25201s -25 -72 47 
25801s -25 -88 51 
26401s -70 -120 -1 
27001s -37 -122 0 
27601s -34 -122 0 
28201s -31 -111 5 
28801s -25 -132 6 
29401s -25 -168 5 
30001s -23 -166 0 
30601s -23 -157 -1 
31201s -21 -185 -13 
31801s 39 -200 -8 
32401s -90 -39 -9 
33001s -69 -87 -9 
33601s -69 -87 -10 
34201s -65 -98 -58 
34801s -65 -195 -42 
35401s -65 31 -8 
36001s -78 -13 2 
36601s 82 -61 32 
37201s -63 -46 -59 
37801s -49 -57 -51 
38401s -99 -62 -32 
39001s -57 -146 -60 
39601s -93 -98 -43 
40201s -102 -149 88 
40801s -56 -195 5 
41401s -102 14 70 
42001s -102 -81 28 
42601s -116 -112 -51 
43201s -88 -165 65 
43801s -39 -196 64 
44401s -30 -94 21 
45001s -86 15 -50 
45601s -42 -192 19 
46201s 76 13 -67 
46801s 5 -61 -50 
47401s -36 0 5 
48001s -88 -8 117 
48601s -71 -192 73 
49201s 1 -195 13 
49801s -73 -168 87 
50401s -89 -32 90 
51001s -6 -29 -47 
51601s -15 -183 -8 
52201s 111 -111 166 
52801s 119 -171 -68 
53401s 64 -60 75 
54001s 50 -56 165 
54601s -105 -184 23 
55201s -20 -144 88 
55801s 11 -98 6 
56401s -53 -66 -59 
57001s 77 -199 152 
57601s 77 -199 -55 
58201s 60 -198 69 
58801s 74 -101 59 
59401s 55 -133 27 
60001s 85 -173 59 
60601s 56 -82 -60 
61201s 87 -14 82 
61801s -12 -54 148 
62401s -11 -148 27 
63001s -16 -158 40 
63601s -47 -203 -10 
64201s -7 -147 -63 
64801s -39 3 -48 
